     0/299     4.06G    0.1206   0.04081   0.05002    0.2114         5       640         0         0 7.211e-05 7.211e-06    0.1101   0.03936   0.04956
     1/299     4.13G    0.1182   0.04467   0.05006    0.2129         8       640         0         0         0         0     0.108   0.03974   0.04981
     2/299     4.13G    0.1137   0.04315   0.04938    0.2062         5       640         0         0         0         0    0.1051   0.03984   0.05029
     3/299     4.13G    0.1109   0.04361   0.04914    0.2036         3       640         0         0         0         0    0.1022   0.04026   0.05065
     4/299     4.13G    0.1084    0.0481   0.04918    0.2056        12       640         0         0 0.0001051 4.205e-05   0.09876   0.04071   0.05058
     5/299     4.13G    0.1042   0.04439   0.04889    0.1975         7       640         0         0 0.0001343 5.372e-05   0.09595   0.04096    0.0502
     6/299     4.13G    0.1031   0.04828   0.04907    0.2004         5       640         0         0  0.002609 0.0002609   0.09348   0.04117   0.04974
     7/299     4.13G   0.09913   0.04898   0.04833    0.1964         8       640         0         0  0.004413 0.0004413   0.09134   0.04137   0.04943
     8/299     4.13G   0.09848   0.04333   0.04807    0.1899         1       640         0         0  0.001465 0.0001894   0.08992   0.04137     0.049
     9/299     4.13G   0.09748    0.0536    0.0477    0.1988        20       640         0         0  0.001922 0.0002176   0.08902   0.04143   0.04869
    10/299     4.13G    0.0959   0.05372   0.04769    0.1973         8       640         0         0  0.002031 0.0003527   0.08817   0.04141   0.04845
    11/299     4.13G   0.09513   0.05348   0.04771    0.1963        14       640         0         0 0.0007334 0.0002028   0.08764   0.04122   0.04821
    12/299     4.13G   0.09293   0.05223   0.04676    0.1919         8       640         0         0  0.001611 0.0002879   0.08699   0.04088   0.04812
    13/299     4.13G   0.09049   0.05414   0.04627    0.1909         9       640         0         0  0.002019 0.0003378   0.08553   0.04092   0.04775
    14/299     4.13G   0.09127   0.05121   0.04668    0.1892         5       640         0         0    0.0082  0.001112   0.08415   0.04109   0.04736
    15/299     4.13G   0.08967   0.04847   0.04592    0.1841        10       640         0         0   0.00304 0.0005833   0.08284   0.04133    0.0469
    16/299     4.13G   0.08521    0.0476    0.0456    0.1784         3       640         0         0  0.003082 0.0005771   0.08168   0.04142   0.04657
    17/299     4.13G    0.0875   0.04522   0.04485    0.1776         5       640         0         0   0.01413  0.002224   0.08107   0.04113   0.04605
    18/299     4.13G   0.08805   0.05503   0.04461    0.1877        10       640         0         0   0.01853  0.003565    0.0805   0.04085   0.04584
    19/299     4.13G   0.08764   0.05596   0.04481    0.1884        11       640         0         0   0.01853  0.002859   0.08072   0.04044   0.04549
    20/299     4.13G   0.08423   0.04849   0.04338    0.1761        20       640         0         0   0.01444  0.003878   0.07936   0.04051   0.04519
    21/299     4.13G    0.0839   0.05296   0.04328    0.1802         5       640         0         0   0.02148  0.005781   0.07754   0.04064   0.04469
    22/299     4.13G   0.08192   0.04977   0.04224    0.1739         5       640         0         0    0.0352  0.006315    0.0774   0.04021   0.04392
    23/299     4.13G   0.08301   0.06095   0.04309    0.1871        17       640         0         0   0.03424  0.006522   0.07608   0.04007   0.04352
    24/299     4.13G   0.08295   0.04598   0.04154    0.1705         5       640   0.02003   0.03333   0.02026  0.005668   0.07513   0.04005   0.04307
    25/299     4.13G   0.07978   0.04478   0.04132    0.1659         5       640         0         0   0.01713  0.004051   0.07851   0.03847    0.0427
    26/299     4.13G   0.07968   0.04163   0.04027    0.1616         3       640   0.05284   0.03333   0.04189   0.02114   0.07914   0.03757   0.04207
    27/299     4.13G   0.08683   0.04524   0.04087    0.1729        18       640       0.2   0.03333   0.05581   0.01238   0.07558   0.03822   0.04153
    28/299     4.13G   0.08135   0.04465   0.04065    0.1666         6       640         0         0   0.03615  0.008347   0.07474   0.03825   0.04114
    29/299     4.13G   0.08081   0.04675   0.04031    0.1679        14       640       0.2   0.03333   0.05664   0.01261   0.07469   0.03845   0.04063
    30/299     4.13G   0.08347   0.04934   0.03972    0.1725         7       640         0         0   0.02985  0.009897   0.07177   0.03851   0.04018
    31/299     4.13G   0.08022   0.04207   0.03966    0.1619         2       640         0         0    0.0258  0.005795   0.07928   0.03602   0.03992
    32/299     4.13G   0.08315   0.04834   0.03946    0.1709        11       640   0.07448   0.03333   0.05061   0.01291   0.07413   0.03635   0.03948
    33/299     4.13G   0.08309   0.05091   0.04013    0.1741        17       640         0         0   0.06954   0.02153   0.07872   0.03541   0.03891
    34/299     4.13G   0.08341   0.04372   0.03959    0.1667        18       640         0         0   0.04203   0.01058   0.07395   0.03615   0.03859
    35/299     4.13G   0.08663   0.04501   0.03703    0.1687         9       640   0.08826   0.03333   0.05896   0.01175   0.07326   0.03552   0.03821
    36/299     4.13G   0.08003   0.04513   0.03789    0.1631         6       640         0         0   0.08835   0.01917    0.0791   0.03392   0.03748
    37/299     4.13G   0.07816   0.04485   0.03637    0.1594        10       640         0         0   0.09607   0.03495   0.07264   0.03563   0.03717
    38/299     4.13G   0.07437   0.04806   0.03784    0.1603         7       640    0.1179    0.1335    0.1584   0.04235   0.06786   0.03594   0.03635
    39/299     4.13G   0.07196   0.05109   0.03598     0.159        20       640    0.1001    0.1333    0.1274    0.0485    0.0668   0.03541   0.03585
    40/299     4.13G   0.07334   0.04748   0.03457    0.1554        16       640   0.03552   0.06667   0.05986  0.009581   0.08194   0.03099   0.03508
    41/299     4.13G   0.08439   0.04293   0.03645    0.1638         3       640   0.05344   0.01781    0.1069   0.01894   0.07258   0.03289   0.03468
    42/299     4.13G    0.0837   0.04566   0.03603    0.1654        20       640    0.1913   0.03333   0.09701   0.02068   0.08178   0.03304   0.03408
    43/299     4.13G   0.08256    0.0416   0.03497    0.1591        20       640    0.3179   0.06667    0.2815   0.07729   0.06529   0.03647   0.03359
    44/299     4.13G   0.07875   0.04649   0.03312    0.1584        15       640    0.1356   0.06667    0.1856    0.0493   0.07033   0.03369   0.03304
    45/299     4.13G   0.08016   0.04289   0.03366    0.1567         7       640   0.02712       0.1   0.04381  0.008035   0.07774   0.03113   0.03294
    46/299     4.13G   0.07995    0.0415   0.03192    0.1534        20       640   0.06824     0.189   0.09054   0.01925   0.06825   0.03305    0.0316
    47/299     4.13G   0.07352   0.04146   0.03215    0.1471         7       640   0.09145    0.2674    0.1077   0.03025   0.06737   0.03178   0.03069
    48/299     4.13G   0.06796   0.04045   0.03093    0.1393         9       640    0.1835       0.3    0.1996   0.06437   0.06508   0.03279   0.03032
    49/299     4.13G   0.06868   0.04822   0.03079    0.1477         4       640    0.2206    0.3333    0.1893   0.08914   0.06792   0.03158   0.02969
    50/299     4.13G   0.06539   0.03949   0.02909     0.134         5       640   0.03805    0.1333   0.08604   0.01158   0.07804   0.02852    0.0294
    51/299     4.13G   0.09185   0.04078   0.02925    0.1619        19       640     0.116    0.2333    0.1965   0.05352   0.06818   0.03129    0.0292
    52/299     4.13G   0.07812    0.0354   0.02852     0.142         7       640    0.1807    0.1667    0.2681   0.09988   0.07183   0.03143   0.02861
    53/299     4.13G   0.07401    0.0443   0.02974     0.148        12       640     0.112   0.06667    0.1483   0.04396   0.07459   0.03102   0.02789
    54/299     4.13G   0.07281   0.04389   0.02848    0.1452        15       640    0.1108       0.1    0.1852   0.04394   0.07383   0.03076   0.02677
    55/299     4.13G   0.07304   0.04094   0.02839    0.1424        14       640    0.1059       0.3    0.2548   0.06586   0.06948   0.02878   0.02639
    56/299     4.13G   0.08272   0.03753   0.02553    0.1458         5       640    0.2213    0.2411    0.1292   0.03618   0.08596   0.02561   0.02542
    57/299     4.13G   0.08688   0.03344   0.02699    0.1473         5       640    0.4356    0.4581    0.3362    0.1038   0.06394   0.02952   0.02523
    58/299     4.13G   0.07469    0.0413   0.02699     0.143        17       640    0.4356    0.4581    0.3362    0.1038   0.06394   0.02952   0.02523
    59/299     4.13G    0.0789   0.03518   0.02614    0.1402         5       640    0.2172    0.4533    0.2654   0.06066   0.06787   0.02846   0.02516
    60/299     4.13G   0.08255   0.03181   0.02451    0.1389         6       640    0.2296    0.4571    0.1644    0.0551   0.07069   0.02778   0.02524
    61/299     4.13G   0.08503   0.03501   0.02543    0.1455         6       640    0.1684    0.4667    0.1441   0.05237   0.07205   0.02743   0.02506
    62/299     4.13G   0.08144   0.03256   0.02594    0.1399         5       640    0.1741    0.4667    0.1596   0.05797   0.07163   0.02734   0.02474
    63/299     4.13G   0.08051   0.03299   0.02388    0.1374         6       640    0.1223    0.2711    0.2019   0.03907   0.06928   0.02902   0.02376
    64/299     4.13G   0.07547   0.03715   0.02367    0.1363        20       640    0.1223    0.2711    0.2019   0.03907   0.06928   0.02902   0.02376
    65/299     4.13G   0.08233   0.03282   0.02188     0.137         6       640   0.08526    0.1667    0.1474   0.04566   0.07859   0.02798   0.02324
    66/299     4.13G   0.08046   0.03531   0.02517    0.1409         7       640    0.1278       0.2    0.1683   0.04761   0.07861   0.02798   0.02318
    67/299     4.13G   0.07769   0.03629   0.02387    0.1378         6       640    0.1588    0.2968    0.1817   0.06573   0.07204   0.02858   0.02327
    68/299     4.13G   0.07381   0.02899   0.02103    0.1238         6       640    0.2681    0.5356    0.3644    0.1088    0.0661   0.02887   0.02318
    69/299     4.13G   0.07298   0.03777   0.02344    0.1342         9       640     0.214    0.5333    0.2692   0.09853    0.0665    0.0277   0.02278
    70/299     4.13G   0.07496   0.03838   0.02109    0.1344        20       640    0.2012    0.5667    0.3002    0.1223   0.06886   0.02712   0.02287
    71/299     4.13G   0.07254   0.03358   0.02102    0.1271         6       640    0.2139    0.6034    0.4617     0.208   0.06691   0.02762   0.02281
    72/299     4.13G   0.06573   0.03385   0.02183    0.1214         6       640    0.2795    0.7333     0.546    0.2509   0.05907   0.02903   0.02281
    73/299     4.13G   0.06713   0.03643   0.02228    0.1258        16       640    0.1448    0.6667    0.3737    0.1513   0.06461   0.02749   0.02155
    74/299     4.13G   0.07207   0.03515   0.02326    0.1305         5       640    0.2135    0.5333    0.3516   0.08223   0.06871   0.02657   0.02126
    75/299     4.13G   0.08262   0.03124    0.0191     0.133        12       640    0.2135    0.5333    0.3516   0.08223   0.06871   0.02657   0.02126
    76/299     4.13G    0.0808   0.03535   0.02153    0.1377        10       640    0.2728    0.5667    0.4862    0.1659   0.06805   0.02772   0.02074
    77/299     4.13G   0.07737   0.03403   0.02175    0.1332         6       640    0.2734    0.5082     0.492    0.1174   0.06795    0.0284   0.01979
    78/299     4.13G   0.07406    0.0374   0.02203    0.1335         5       640    0.1571    0.6333    0.4123    0.1171   0.07357   0.02573   0.01927
    79/299     4.13G   0.07918   0.03029   0.02143    0.1309         6       640    0.1571    0.6333    0.4123    0.1171   0.07357   0.02573   0.01927
    80/299     4.13G   0.08646   0.03329   0.02006    0.1398        13       640    0.1196       0.7    0.3475   0.09101   0.08024   0.02509   0.01934
    81/299     4.13G   0.08453    0.0345   0.02114    0.1402        11       640    0.2022       0.7    0.3783   0.09656    0.0784   0.02462   0.01919
    82/299     4.13G   0.08044   0.03089   0.01925    0.1306         5       640    0.1604    0.4667     0.285   0.08286   0.07452   0.02579   0.01916
    83/299     4.13G   0.07804   0.02952   0.02061    0.1282         5       640    0.1604    0.4667     0.285   0.08286   0.07452   0.02579   0.01916
    84/299     4.13G   0.07795   0.03301   0.01954    0.1305        11       640   0.08881    0.3667    0.2218    0.0629    0.0741   0.02705   0.01958
    85/299     4.13G   0.07133   0.03357   0.01899    0.1239         6       640    0.2856    0.4331    0.4792    0.2057   0.05744   0.03114   0.02008
    86/299     4.13G   0.06321   0.03378   0.02106    0.1181         6       640    0.1815    0.4685     0.395    0.1554   0.06136   0.02981   0.02017
    87/299     4.13G    0.0627   0.03696   0.01815    0.1178        20       640    0.1815    0.4685     0.395    0.1554   0.06136   0.02981   0.02017
    88/299     4.13G   0.06658   0.03302   0.01812    0.1177        17       640    0.1619    0.4667    0.4101    0.1228   0.06578   0.02887   0.02017
    89/299     4.13G   0.06421    0.0383   0.01887    0.1214        18       640    0.2207    0.6333    0.4873    0.1129   0.05648   0.02952   0.01872
    90/299     4.13G   0.06155   0.03331   0.01883    0.1137         9       640    0.2341    0.5898    0.3819    0.1608   0.06535   0.02644   0.01607
    91/299     4.13G   0.06855   0.03159   0.01796    0.1181        12       640    0.2341    0.5898    0.3819    0.1608   0.06535   0.02644   0.01607
    92/299     4.13G   0.07079   0.03252   0.01783    0.1211         6       640    0.2206    0.5657    0.3906    0.1402   0.07113   0.02484   0.01529
    93/299     4.13G   0.06439   0.03901   0.01889    0.1223         5       640    0.2917    0.6667    0.6453    0.2958   0.05632   0.02757     0.015
    94/299     4.13G   0.06228      0.03   0.01737    0.1097        13       640    0.2661    0.6616    0.4754     0.107   0.06637   0.02561    0.0148
    95/299     4.13G   0.07037   0.03188   0.01775      0.12         5       640    0.2661    0.6616    0.4754     0.107   0.06637   0.02561    0.0148
    96/299     4.13G   0.07941   0.02825   0.01774    0.1254         9       640    0.2375    0.7316    0.3734   0.06716   0.07806   0.02252   0.01463
    97/299     4.13G   0.07177   0.02945   0.01745    0.1187         7       640    0.2405    0.7633    0.5616    0.2304    0.0608   0.02402   0.01428
    98/299     4.13G   0.06788   0.02941   0.01648    0.1138         9       640    0.2327    0.7795    0.5605    0.1567   0.06017   0.02482   0.01413
    99/299     4.13G   0.06746    0.0287   0.01705    0.1132         4       640    0.2327    0.7795    0.5605    0.1567   0.06017   0.02482   0.01413
   100/299     4.13G   0.06963   0.02656   0.01533    0.1115         5       640    0.2133       0.8    0.5204    0.1238   0.06577    0.0238   0.01398
   101/299     4.13G   0.06606   0.03025   0.01604    0.1123         5       640     0.241       0.8    0.6401     0.217   0.05696   0.02416   0.01401
   102/299     4.13G    0.0631   0.03232   0.01691    0.1123        16       640    0.2495       0.8    0.6204    0.1944   0.05515   0.02413   0.01418
   103/299     4.13G   0.05772   0.02682   0.01396    0.0985         4       640    0.2495       0.8    0.6204    0.1944   0.05515   0.02413   0.01418
   104/299     4.13G   0.06279   0.02752   0.01495    0.1053         5       640    0.2149    0.8333     0.592    0.1885   0.05671   0.02356   0.01428
   105/299     4.13G    0.0607   0.02752   0.01419    0.1024         6       640    0.2289    0.8667     0.582    0.2152   0.05276   0.02365   0.01347
   106/299     4.13G   0.06266   0.02974   0.01366    0.1061        10       640    0.2525    0.8583    0.5191     0.201   0.06156   0.02388   0.01345
   107/299     4.13G   0.06939   0.02734   0.01374    0.1105         6       640    0.2525    0.8583    0.5191     0.201   0.06156   0.02388   0.01345
   108/299     4.13G   0.07581   0.02856   0.01462     0.119         8       640    0.2059    0.7329    0.4906    0.1605   0.07041   0.02316   0.01336
   109/299     4.13G   0.07092   0.02643   0.01661     0.114         3       640    0.2734    0.7936    0.6372    0.2516   0.06466   0.02378   0.01315
   110/299     4.13G   0.07042    0.0297   0.01403    0.1142        18       640    0.2704    0.8333    0.6605    0.2481   0.06169   0.02309   0.01294
   111/299     4.13G   0.06507   0.02603   0.01419    0.1053         9       640    0.2704    0.8333    0.6605    0.2481   0.06169   0.02309   0.01294
   112/299     4.13G   0.06618   0.03329   0.01488    0.1144        18       640    0.2689       0.8    0.6306    0.2375   0.06444   0.02275   0.01333
   113/299     4.13G   0.06234   0.02713   0.01434    0.1038         6       640    0.2599    0.7667    0.6461    0.2998   0.05989   0.02314   0.01377
   114/299     4.13G   0.06045    0.0272   0.01486    0.1025         5       640    0.2952       0.7    0.6234    0.3539   0.05409   0.02427   0.01387
   115/299     4.13G   0.05754   0.03255   0.01518    0.1053        19       640    0.2952       0.7    0.6234    0.3539   0.05409   0.02427   0.01387
   116/299     4.13G   0.06138   0.03164   0.01469    0.1077        13       640    0.2913       0.7    0.6039    0.2774   0.05685    0.0241   0.01412
   117/299     4.13G   0.05886   0.03001   0.01349    0.1024        17       640    0.2943       0.7     0.597    0.2779   0.05409   0.02422   0.01498
   118/299     4.13G   0.05832   0.03129   0.01342     0.103         5       640    0.1849    0.6667    0.5104    0.1316   0.06129   0.02342   0.01441
   119/299     4.13G   0.06293   0.02682   0.01343    0.1032         5       640    0.1849    0.6667    0.5104    0.1316   0.06129   0.02342   0.01441
   120/299     4.13G   0.07019   0.02833    0.0113    0.1098         5       640    0.1446    0.6667    0.3122   0.06519   0.07002   0.02331   0.01489
   121/299     4.13G   0.05768   0.02421   0.01197   0.09387         6       640    0.3391    0.8224    0.6537    0.2777   0.05347   0.02473   0.01523
   122/299     4.13G   0.05365   0.03275   0.01356   0.09996        14       640    0.2732    0.8333    0.6194    0.2795   0.05103     0.023   0.01334
   123/299     4.13G   0.05335   0.02796    0.0134   0.09472         5       640    0.2732    0.8333    0.6194    0.2795   0.05103     0.023   0.01334
   124/299     4.13G   0.05666   0.02649   0.01238   0.09552         6       640    0.2206    0.8667    0.5716     0.179   0.05651   0.02211   0.01302
   125/299     4.13G   0.05789   0.02762   0.01186   0.09737        19       640    0.3657    0.9333    0.7281    0.3131   0.04795   0.02343   0.01257
   126/299     4.13G   0.05651   0.02857   0.01259   0.09767         7       640    0.3373    0.7667    0.5121    0.1792   0.05797   0.02296   0.01178
   127/299     4.13G   0.06218   0.02693   0.01472    0.1038         4       640    0.3373    0.7667    0.5121    0.1792   0.05797   0.02296   0.01178
   128/299     4.13G   0.06785   0.02935    0.0111    0.1083         9       640    0.2642       0.7    0.3826    0.1385    0.0667   0.02292   0.01162
   129/299     4.13G   0.05727   0.02744   0.01136   0.09607         3       640    0.3805       0.8    0.6061     0.239   0.05177   0.02443   0.01105
   130/299     4.13G   0.05176   0.03087    0.0123   0.09493         8       640    0.4653    0.8667    0.7366    0.2863   0.04639   0.02402   0.01097
   131/299     4.13G   0.05008   0.02586   0.01106     0.087         6       640    0.4653    0.8667    0.7366    0.2863   0.04639   0.02402   0.01097
   132/299     4.13G   0.05696   0.02897   0.01266   0.09859         6       640    0.3276    0.8333    0.5774     0.228   0.05181   0.02342   0.01092
   133/299     4.13G   0.05511    0.0286   0.01164   0.09536        17       640    0.3864       0.8       0.6    0.2234   0.04975   0.02389   0.01092
   134/299     4.13G   0.05124   0.02874    0.0124   0.09238        12       640    0.4806    0.8333    0.7081    0.3326    0.0445   0.02338  0.009712
   135/299     4.13G   0.04592   0.02479   0.01085   0.08156         5       640    0.4806    0.8333    0.7081    0.3326    0.0445   0.02338  0.009712
   136/299     4.13G    0.0509   0.03157   0.01098   0.09345         9       640    0.4424       0.8    0.7139    0.3371   0.04637   0.02333  0.009627
   137/299     4.13G   0.04741   0.03286   0.01095   0.09122        19       640    0.5398       0.8    0.7693    0.3708   0.04645   0.02319  0.009501
   138/299     4.13G    0.0467   0.02579   0.01048   0.08297         8       640    0.3491    0.7365    0.6955      0.34   0.04602   0.02327  0.009447
   139/299     4.13G   0.05045   0.02601   0.01127   0.08773         6       640    0.3491    0.7365    0.6955      0.34   0.04602   0.02327  0.009447
   140/299     4.13G   0.05267   0.02532  0.009963   0.08796         5       640    0.3195    0.7667    0.6698    0.2825   0.05248   0.02334  0.009613
   141/299     4.13G   0.04991   0.02483   0.01036    0.0851        19       640    0.3998       0.8    0.7199     0.343   0.04796    0.0238  0.009627
   142/299     4.13G   0.04899   0.02357   0.01014    0.0827         3       640    0.3145       0.8    0.6578    0.2385   0.04885   0.02453  0.009599
   143/299     4.13G   0.05121   0.02748   0.01116   0.08986        19       640    0.3145       0.8    0.6578    0.2385   0.04885   0.02453  0.009599
   144/299     4.13G   0.05627   0.03073   0.01245   0.09945        14       640    0.2787    0.7896    0.5698    0.1815   0.05467   0.02457  0.009533
   145/299     4.13G   0.04795   0.02687   0.01039   0.08521         6       640    0.4057    0.7501    0.7109    0.3474   0.04603   0.02645  0.009114
   146/299     4.13G   0.04391   0.02758   0.01078   0.08226        10       640    0.4635    0.7667    0.7401    0.4088   0.04354   0.02542  0.009082
   147/299     4.13G   0.04264   0.02665   0.01173   0.08102         4       640    0.4635    0.7667    0.7401    0.4088   0.04354   0.02542  0.009082
   148/299     4.13G   0.04513   0.02278   0.00977   0.07767         5       640     0.359    0.7667    0.6801    0.3193   0.04871   0.02501  0.009068
   149/299     4.13G   0.04444   0.02662   0.01065   0.08171         5       640    0.4741    0.7667    0.7229    0.4129   0.04375   0.02638  0.009345
   150/299     4.13G   0.04219   0.02371  0.008941   0.07484         5       640    0.2708    0.7333    0.6457    0.3072   0.04849   0.02449  0.009547
   151/299     4.13G   0.04702   0.02744   0.01047   0.08493        11       640    0.2708    0.7333    0.6457    0.3072   0.04849   0.02449  0.009547
   152/299     4.13G   0.05085   0.02417  0.009677    0.0847        11       640    0.2615    0.7333     0.616    0.2823    0.0526   0.02434  0.009576
   153/299     4.13G   0.04796   0.02652   0.01016   0.08464        14       640    0.3106    0.7333    0.6841    0.3535   0.04438   0.02587  0.009545
   154/299     4.13G   0.04405   0.02853  0.009348   0.08193         6       640    0.3366    0.7333    0.6399    0.2736    0.0476   0.02577  0.009351
   155/299     4.13G   0.04343     0.026  0.009589   0.07902        15       640    0.3366    0.7333    0.6399    0.2736    0.0476   0.02577  0.009351
   156/299     4.13G   0.04547   0.02727    0.0119   0.08464        12       640    0.3281    0.7333    0.6488    0.2355   0.04929   0.02632  0.009457
   157/299     4.13G   0.04273   0.02091   0.00869   0.07232         7       640    0.4517    0.6992    0.6719    0.3824   0.04133   0.02665  0.009159
   158/299     4.13G   0.04391   0.02637   0.01001    0.0803        17       640     0.297    0.7333    0.6372    0.2411   0.05193   0.02607  0.009343
   159/299     4.13G   0.05173   0.02369   0.01057     0.086         7       640     0.297    0.7333    0.6372    0.2411   0.05193   0.02607  0.009343
   160/299     4.13G   0.05679   0.02364   0.00897   0.08939         6       640     0.274    0.7333    0.5948    0.1772   0.05853   0.02638  0.009493
   161/299     4.13G   0.04703   0.02122  0.008527   0.07677         5       640    0.3576    0.6889     0.637    0.3338   0.04181   0.02743  0.009386
   162/299     4.13G    0.0408   0.02212  0.008899   0.07182         6       640    0.3548    0.6708    0.6328    0.3196   0.04541   0.02687  0.009416
   163/299     4.13G   0.04272   0.02491   0.00909   0.07671         9       640    0.3548    0.6708    0.6328    0.3196   0.04541   0.02687  0.009416
   164/299     4.13G   0.04616   0.02165  0.007786   0.07559         5       640    0.3229       0.7    0.5907    0.2874    0.0481   0.02602  0.009269
   165/299     4.13G   0.04257   0.02411  0.009128    0.0758         5       640    0.3768    0.6923    0.6093    0.3561   0.03858   0.02609  0.009236
   166/299     4.13G   0.04303   0.02482    0.0102   0.07805         9       640    0.4406    0.7667    0.7338    0.4062    0.0429   0.02557  0.009583
   167/299     4.13G   0.04396   0.02507  0.008851   0.07788         5       640    0.4406    0.7667    0.7338    0.4062    0.0429   0.02557  0.009583
   168/299     4.13G   0.04781   0.02346  0.008717   0.07999         5       640    0.4218       0.8    0.7289    0.3923    0.0473   0.02554   0.00976
   169/299     4.13G   0.04412   0.02554  0.008228   0.07789         9       640    0.4527    0.7667    0.7556    0.4217   0.04026   0.02592  0.009646
   170/299     4.13G   0.03977   0.02559   0.01021   0.07557        10       640    0.5086       0.8    0.8202    0.4359   0.03811   0.02456  0.008952
   171/299     4.13G    0.0381   0.02656  0.008197   0.07286        14       640    0.5086       0.8    0.8202    0.4359   0.03811   0.02456  0.008952
   172/299     4.13G   0.04055   0.02243  0.008678   0.07166         5       640    0.4578    0.8011    0.8181    0.3994   0.03985   0.02425  0.008908
   173/299     4.13G   0.03831   0.02208  0.008246   0.06864        10       640    0.5547       0.8    0.8223    0.4477    0.0387   0.02403  0.009044
   174/299     4.13G   0.04021   0.02721   0.01061   0.07803         7       640    0.5296       0.8    0.7898    0.4581   0.04051   0.02437  0.009047
   175/299     4.13G   0.03776   0.02483  0.008757   0.07135         5       640    0.5296       0.8    0.7898    0.4581   0.04051   0.02437  0.009047
   176/299     4.13G   0.04241   0.03024  0.008242   0.08089        20       640    0.4631    0.8148    0.7508    0.4068   0.04386   0.02502  0.009045
   177/299     4.13G   0.03638   0.02483  0.008095   0.06931         6       640    0.5275    0.8333    0.7842    0.4255   0.03762   0.02511  0.009232
   178/299     4.13G    0.0367   0.02208  0.009389   0.06817         3       640    0.4396     0.801    0.7311    0.2727   0.04617   0.02436  0.009124
   179/299     4.13G   0.04456   0.02512  0.007426   0.07711        10       640    0.4396     0.801    0.7311    0.2727   0.04617   0.02436  0.009124
   180/299     4.13G   0.04514   0.02364  0.007964   0.07675         5       640    0.4463       0.8    0.6701       0.2   0.05218   0.02451  0.009117
   181/299     4.13G   0.04185   0.02299  0.007745   0.07258         7       640    0.5717     0.831    0.8063    0.4425   0.03881   0.02545  0.009253
   182/299     4.13G   0.03664   0.02272  0.008016   0.06737         6       640    0.5533    0.8333    0.7992    0.4336   0.04041   0.02507  0.009306
   183/299     4.13G   0.03876   0.02531   0.00811   0.07217        20       640    0.5533    0.8333    0.7992    0.4336   0.04041   0.02507  0.009306
   184/299     4.13G   0.04145   0.02127  0.008291   0.07101        10       640    0.4237    0.8392    0.7321    0.3759   0.04333   0.02472  0.009325
   185/299     4.13G   0.03797   0.02544  0.008622   0.07204         9       640    0.4912    0.8333     0.794    0.4635   0.03726   0.02481  0.008993
   186/299     4.13G   0.03555    0.0223  0.008643    0.0665        11       640    0.5188     0.892    0.8218    0.4741   0.03995   0.02383  0.008579
   187/299     4.13G    0.0361   0.02508  0.008017   0.06919        20       640    0.5188     0.892    0.8218    0.4741   0.03995   0.02383  0.008579
   188/299     4.13G   0.03859   0.02187  0.006632   0.06709        14       640    0.3778    0.8667    0.7324    0.4063   0.04416   0.02348  0.008399
   189/299     4.13G   0.03748   0.02082  0.006969   0.06528         2       640    0.4306    0.8667    0.7704    0.4608   0.04023   0.02338  0.008324
   190/299     4.13G   0.03782   0.02594  0.008131   0.07189        19       640    0.3819    0.8667    0.7256    0.3746   0.04328   0.02366  0.008463
   191/299     4.13G   0.04295   0.02601   0.00821   0.07717        20       640    0.3819    0.8667    0.7256    0.3746   0.04328   0.02366  0.008463
   192/299     4.13G   0.04466   0.02168  0.007214   0.07355         6       640     0.357    0.8571    0.6911    0.3051   0.04504   0.02376  0.008462
   193/299     4.13G   0.04054   0.02579  0.007627   0.07395        18       640    0.5137    0.8333     0.765    0.4824   0.03614   0.02433  0.008618
   194/299     4.13G   0.03418    0.0231  0.006868   0.06415         6       640    0.5103       0.8    0.7825    0.4321   0.04167   0.02461  0.008908
   195/299     4.13G   0.03633   0.02245  0.007161   0.06594         5       640    0.5103       0.8    0.7825    0.4321   0.04167   0.02461  0.008908
   196/299     4.13G   0.04175    0.0236  0.007386   0.07274         7       640    0.4396       0.8    0.7004    0.3712   0.04632   0.02518  0.009154
   197/299     4.13G   0.03918   0.02104  0.007414   0.06763         7       640    0.4082    0.7858    0.6859    0.3848   0.04111   0.02553  0.009232
   198/299     4.13G   0.03719   0.02426  0.007269   0.06872        11       640    0.5098    0.7667    0.7456    0.4046   0.04052   0.02659   0.00951
   199/299     4.13G   0.03761   0.02619  0.008066   0.07187        17       640    0.5098    0.7667    0.7456    0.4046   0.04052   0.02659   0.00951
   200/299     4.13G   0.04121   0.02189  0.007808   0.07091         7       640    0.3953     0.734    0.7084    0.3302   0.04378   0.02688   0.00976
   201/299     4.13G    0.0398   0.02526  0.008419   0.07348        14       640    0.5162    0.7667    0.7448    0.4151   0.03898   0.02656  0.009524
   202/299     4.13G   0.03524   0.02221  0.007954    0.0654        17       640     0.472    0.7667    0.7231    0.4117   0.04186   0.02605  0.009152
   203/299     4.13G   0.03603    0.0203  0.007842   0.06418         5       640     0.472    0.7667    0.7231    0.4117   0.04186   0.02605  0.009152
   204/299     4.13G    0.0383   0.02419  0.007688   0.07018        14       640    0.4656     0.798    0.7178    0.3905   0.04704   0.02532  0.009056
   205/299     4.13G     0.036   0.02258  0.007071   0.06566        18       640    0.4738       0.8    0.7318    0.4312    0.0403   0.02561  0.008989
   206/299     4.13G   0.03379   0.02177  0.007509   0.06307        10       640    0.5232       0.8    0.7721    0.4131   0.04126   0.02625  0.009027
   207/299     4.13G   0.03443   0.02167  0.006878   0.06299        20       640    0.5232       0.8    0.7721    0.4131   0.04126   0.02625  0.009027
   208/299     4.13G   0.03809   0.02491  0.007682   0.07068         7       640    0.4718       0.8    0.7405      0.34   0.04389   0.02607  0.008995
   209/299     4.13G   0.03551   0.02194  0.006865   0.06432         5       640    0.5749     0.793    0.7626    0.4215    0.0376    0.0268  0.009026
   210/299     4.13G   0.03168   0.01684  0.006942   0.05546         5       640    0.5492    0.7667    0.7704    0.4455   0.03978   0.02746  0.009035
   211/299     4.13G   0.03105    0.0192  0.006567   0.05682         8       640    0.5492    0.7667    0.7704    0.4455   0.03978   0.02746  0.009035
   212/299     4.13G   0.03417   0.02202  0.007056   0.06324         8       640    0.5491    0.7667    0.7522    0.4377   0.04199   0.02715  0.009141
   213/299     4.13G   0.03316   0.02105    0.0066   0.06081         5       640    0.5468    0.7667    0.7392    0.4429   0.03981   0.02721  0.009068
   214/299     4.13G   0.03372   0.02395  0.007282   0.06495         8       640    0.5288    0.7333    0.7493    0.4155   0.03907   0.02707  0.008765
   215/299     4.13G    0.0318   0.02127  0.006318   0.05939        18       640    0.5288    0.7333    0.7493    0.4155   0.03907   0.02707  0.008765
   216/299     4.13G   0.03441    0.0201  0.006027   0.06054        18       640    0.4623    0.7333     0.734    0.3825   0.03977   0.02688  0.008764
   217/299     4.13G   0.03284   0.02403  0.007037   0.06391         5       640     0.501    0.7333    0.7401    0.4345   0.03678   0.02676  0.008855
   218/299     4.13G   0.03146   0.02044  0.006032   0.05793        10       640    0.5168    0.7333    0.7217    0.3907   0.04256   0.02692  0.008857
   219/299     4.13G   0.03638   0.02205   0.00675   0.06519         5       640    0.5168    0.7333    0.7217    0.3907   0.04256   0.02692  0.008857
   220/299     4.13G   0.03594   0.02069  0.006154   0.06278         7       640    0.5065    0.7333    0.7032    0.3687   0.04572   0.02718  0.009077
   221/299     4.13G   0.03512   0.02179   0.00704   0.06395        15       640    0.5612    0.7552     0.734    0.4404   0.03822   0.02704  0.009036
   222/299     4.13G   0.03168   0.02039  0.006742   0.05881         5       640     0.551    0.7593    0.7251    0.4037    0.0388   0.02704  0.009424
   223/299     4.13G   0.03383     0.023   0.00725   0.06408        20       640     0.551    0.7593    0.7251    0.4037    0.0388   0.02704  0.009424
   224/299     4.13G   0.03525   0.02141  0.006043    0.0627        15       640    0.5061    0.7289    0.6963    0.3582   0.04008   0.02687  0.009875
   225/299     4.13G   0.03337   0.02275  0.006969   0.06308         5       640     0.541    0.7333    0.7249    0.4401   0.03618   0.02657   0.01036
   226/299     4.13G   0.03174   0.02157  0.005838   0.05914         6       640    0.5474    0.7633    0.7388    0.3945   0.03922   0.02589   0.00969
   227/299     4.13G   0.03441   0.02121  0.006209   0.06183         5       640    0.5474    0.7633    0.7388    0.3945   0.03922   0.02589   0.00969
   228/299     4.13G    0.0384   0.02445  0.007296   0.07014         6       640    0.5215    0.7573    0.7109    0.3742   0.04222   0.02539  0.009174
   229/299     4.13G   0.03212   0.02154  0.006056   0.05972         8       640    0.5648       0.8    0.7948    0.4744   0.03648   0.02493   0.00845
   230/299     4.13G   0.03059   0.02071  0.006659   0.05797         8       640    0.5965       0.8    0.7971     0.481    0.0368   0.02484  0.008009
   231/299     4.13G   0.03087   0.01998  0.006571   0.05742         6       640    0.5965       0.8    0.7971     0.481    0.0368   0.02484  0.008009
   232/299     4.13G   0.03252   0.01966  0.005876   0.05805         6       640    0.5845    0.8421    0.8379    0.4468    0.0384   0.02434   0.00771
   233/299     4.13G   0.03238   0.02254  0.006667   0.06159        20       640    0.5743    0.8333    0.8412    0.4914   0.03597   0.02416  0.007386
   234/299     4.13G   0.02981    0.0197  0.006311   0.05582        10       640    0.6007    0.8333    0.8231    0.4968   0.03713   0.02397  0.007346
   235/299     4.13G   0.03188   0.02229  0.007313   0.06149        10       640    0.6007    0.8333    0.8231    0.4968   0.03713   0.02397  0.007346
   236/299     4.13G   0.03213   0.02172  0.006273   0.06013        20       640    0.5763    0.8333    0.8251    0.4745   0.03866   0.02416  0.007263
   237/299     4.13G   0.03214    0.0229  0.007002   0.06203        16       640    0.5986    0.8333    0.8307    0.5132   0.03544   0.02448  0.007189
   238/299     4.13G   0.03111   0.02102  0.006852   0.05899         6       640    0.5967    0.8133    0.8059    0.4825   0.03796    0.0247  0.007183
   239/299     4.13G   0.03168     0.021  0.006085   0.05876        10       640    0.5967    0.8133    0.8059    0.4825   0.03796    0.0247  0.007183
   240/299     4.13G   0.03285   0.02279  0.006361     0.062        11       640    0.6023    0.8144    0.8149    0.4768   0.04023   0.02452  0.006983
   241/299     4.13G   0.03284   0.02214  0.006516   0.06149         6       640    0.6018    0.7773    0.8028    0.5036   0.03591   0.02456  0.007037
   242/299     4.13G   0.02984   0.01993  0.006458   0.05623         7       640    0.6024    0.7767    0.7897    0.4812   0.03918   0.02478   0.00713
   243/299     4.13G   0.03113   0.02091  0.005932   0.05797         6       640    0.6024    0.7767    0.7897    0.4812   0.03918   0.02478   0.00713
   244/299     4.13G   0.03188   0.02109  0.005988   0.05895         5       640    0.5679    0.7743    0.8026     0.468   0.04066   0.02485  0.007106
   245/299     4.13G   0.03109   0.02121  0.006264   0.05856         5       640    0.5813    0.7747    0.7912    0.4908   0.03626   0.02502  0.007268
   246/299     4.13G   0.02867   0.01997  0.005898   0.05454        10       640    0.5737    0.7838    0.7806    0.4402   0.03949   0.02517  0.007158
   247/299     4.13G   0.02981   0.01957  0.006302   0.05568         6       640    0.5737    0.7838    0.7806    0.4402   0.03949   0.02517  0.007158
   248/299     4.13G   0.03276   0.02485  0.005859   0.06347        19       640    0.5556     0.784    0.7849     0.408   0.04208   0.02531  0.007295
   249/299     4.13G   0.03325   0.02205  0.006115   0.06141        20       640    0.5594    0.7508    0.7537     0.455   0.03713   0.02564  0.007396
   250/299     4.13G   0.02833   0.01887  0.005213   0.05241         6       640    0.5618    0.7509    0.7609     0.469   0.03574   0.02506  0.007146
   251/299     4.13G   0.02627    0.0175  0.005188   0.04896         5       640    0.5618    0.7509    0.7609     0.469   0.03574   0.02506  0.007146
   252/299     4.13G   0.03013   0.02175  0.007831    0.0597        12       640    0.5762    0.7843    0.7928    0.4503   0.03684   0.02452  0.006775
   253/299     4.13G   0.02944    0.0232  0.006863    0.0595        12       640    0.5853    0.7539    0.7676    0.4672   0.03625    0.0246  0.006902
   254/299     4.13G   0.03054   0.02044  0.006827   0.05781         3       640    0.5867    0.7796    0.7669    0.4655    0.0363    0.0245  0.006547
   255/299     4.13G   0.02894   0.02169  0.005872    0.0565        19       640    0.5867    0.7796    0.7669    0.4655    0.0363    0.0245  0.006547
   256/299     4.13G   0.03101   0.01865  0.006473   0.05613         5       640    0.5909    0.7871    0.7752    0.4625   0.03761   0.02439  0.006435
   257/299     4.13G    0.0279   0.01973  0.005513   0.05315         6       640    0.5949    0.7913    0.7878    0.4812   0.03622   0.02418  0.006383
   258/299     4.13G   0.02819   0.01993  0.005346   0.05347        20       640    0.5915    0.7885     0.788    0.4783   0.03699   0.02431  0.006127
   259/299     4.13G   0.02975   0.02039  0.007015   0.05715         9       640    0.5915    0.7885     0.788    0.4783   0.03699   0.02431  0.006127
   260/299     4.13G   0.03141   0.01922  0.005521   0.05614         6       640    0.5408     0.817    0.7952    0.4541   0.03977   0.02424  0.006026
   261/299     4.13G   0.02862   0.02091  0.005267    0.0548         7       640    0.6019    0.8346    0.8237    0.5148   0.03706   0.02395  0.005813
   262/299     4.13G   0.02884   0.02119  0.005985   0.05602        13       640    0.5909    0.8159    0.8002    0.4818   0.03703    0.0239   0.00575
   263/299     4.13G    0.0262   0.01688  0.004585   0.04767         8       640    0.5909    0.8159    0.8002    0.4818   0.03703    0.0239   0.00575
   264/299     4.13G   0.02889   0.02098  0.005681   0.05555         8       640    0.5729       0.8    0.7976     0.493   0.03752   0.02387  0.005734
   265/299     4.13G    0.0291   0.02349  0.006141   0.05872        20       640     0.608    0.8235    0.8043    0.4913   0.03516    0.0238  0.005628
   266/299     4.13G   0.02842   0.01803  0.005463   0.05192         7       640    0.6019    0.8353    0.8022    0.4842   0.03759    0.0236  0.005453
   267/299     4.13G   0.02931   0.02168   0.00534   0.05632        15       640    0.6019    0.8353    0.8022    0.4842   0.03759    0.0236  0.005453
   268/299     4.13G   0.03169   0.02135  0.005961     0.059        17       640    0.6053    0.8441    0.7976    0.4613   0.03909   0.02352  0.005261
   269/299     4.13G   0.02927   0.01854  0.006238   0.05405         7       640    0.6517    0.8333    0.8189    0.5087   0.03664   0.02353  0.005348
   270/299     4.13G   0.02816   0.01938  0.005671   0.05321        19       640    0.6479    0.8228    0.8196    0.5222   0.03465   0.02352  0.005259
   271/299     4.13G    0.0276   0.02119  0.006285   0.05508         6       640    0.6479    0.8228    0.8196    0.5222   0.03465   0.02352  0.005259
   272/299     4.13G   0.03058   0.01815  0.006106   0.05483         2       640    0.6708    0.8261    0.8195    0.5014   0.03495   0.02351  0.005239
   273/299     4.13G   0.02928    0.0215  0.005532   0.05631        18       640    0.6617    0.8634     0.824    0.4883   0.03563   0.02337  0.005249
   274/299     4.13G    0.0282   0.02097  0.006103   0.05528         9       640     0.655    0.8333    0.8209    0.4911   0.03496   0.02356  0.005453
   275/299     4.13G   0.03023   0.02046  0.006427   0.05712        12       640     0.655    0.8333    0.8209    0.4911   0.03496   0.02356  0.005453
   276/299     4.13G   0.02999   0.01936  0.004952    0.0543        10       640    0.6525       0.8     0.827    0.4772   0.03588   0.02372  0.005415
   277/299     4.13G   0.03035   0.01942  0.005819   0.05559        10       640    0.6466       0.8    0.8218    0.5143    0.0363   0.02411  0.005508
   278/299     4.13G   0.02949   0.02061  0.005957   0.05607         6       640    0.6286       0.8    0.7946     0.504   0.03346   0.02467  0.005801
   279/299     4.13G   0.02863     0.019  0.005767    0.0534         5       640    0.6286       0.8    0.7946     0.504   0.03346   0.02467  0.005801
   280/299     4.13G   0.02957   0.02278  0.005563   0.05791        18       640    0.6186       0.8    0.7916    0.4828   0.03383   0.02476  0.005678
   281/299     4.13G   0.03009   0.02272   0.00738   0.06019         6       640    0.6298       0.8     0.785    0.4851   0.03433    0.0249  0.005705
   282/299     4.13G    0.0272   0.02002  0.006619   0.05383         9       640    0.6496       0.8    0.7845    0.4752   0.03485   0.02516  0.005698
   283/299     4.13G   0.02878   0.01925  0.005774   0.05381         6       640    0.6496       0.8    0.7845    0.4752   0.03485   0.02516  0.005698
   284/299     4.13G    0.0291   0.01911  0.004827   0.05303        19       640    0.6593    0.8102    0.8062    0.4692   0.03661   0.02519  0.005564
   285/299     4.13G   0.02914   0.02108  0.006709   0.05693         5       640    0.6475    0.7652    0.7838    0.4941   0.03563   0.02547  0.005607
   286/299     4.13G   0.02731   0.02032   0.00575   0.05338        17       640    0.6676    0.7549    0.7816    0.4965   0.03428   0.02575   0.00571
   287/299     4.13G   0.02732    0.0202  0.005105   0.05263         7       640    0.6676    0.7549    0.7816    0.4965   0.03428   0.02575   0.00571
   288/299     4.13G   0.02917   0.02017   0.00512   0.05446         4       640    0.6536    0.7305    0.7678    0.4641   0.03527   0.02622  0.005762
   289/299     4.13G   0.02696   0.01907  0.004961     0.051         5       640    0.6556    0.7502    0.7684    0.4856   0.03525   0.02611  0.005691
   290/299     4.13G   0.02683   0.02165  0.005558   0.05403         6       640    0.6534    0.7525    0.7597    0.4716   0.03643    0.0266  0.005852
   291/299     4.13G   0.02893    0.0202  0.006462    0.0556         6       640    0.6534    0.7525    0.7597    0.4716   0.03643    0.0266  0.005852
   292/299     4.13G   0.02994   0.02124   0.00601    0.0572        17       640    0.5913    0.7333    0.7513    0.4406   0.03848   0.02713  0.005902
   293/299     4.13G   0.02761   0.01955  0.004842     0.052         8       640    0.5922    0.7667    0.7615    0.4592   0.03619   0.02745  0.005937
   294/299     4.13G   0.02864   0.02354  0.006815   0.05899        14       640    0.5703    0.7333    0.7465    0.4611   0.03713   0.02748  0.006019
   295/299     4.13G   0.02632   0.01892  0.004732   0.04997        10       640    0.5703    0.7333    0.7465    0.4611   0.03713   0.02748  0.006019
   296/299     4.13G   0.02901   0.02138    0.0062   0.05659         5       640    0.5549    0.7333    0.7388    0.4527   0.03811   0.02771  0.006314
   297/299     4.13G   0.02664   0.01795    0.0058   0.05039         6       640    0.5649    0.7333    0.7444    0.4399   0.03668   0.02769  0.006342
   298/299     4.13G   0.02511   0.01847  0.004877   0.04845         5       640    0.5412    0.7333    0.7462    0.4486   0.03899   0.02755  0.006163
   299/299     4.13G   0.02731   0.01686  0.004747   0.04892         9       640    0.5412    0.7333    0.7462    0.4486   0.03899   0.02755  0.006163
